Period  Prob
       0.1 5.238258544936038e-05
0.10106744400997844 5.415163391781249e-05
0.10214628238710126 5.596961605050644e-05
0.10323663675985803 5.783747913231426e-05
0.10433863005505432 5.975617483289241e-05
0.10545238651167059 6.172665873678258e-05
0.10657803169486872 6.37498898594733e-05
0.10771569251014852 6.582683014964304e-05
0.10886549721765489 6.795844397783085e-05
0.11002757544663798 7.014569761180079e-05
0.11120205821006762 7.238955867889453e-05
0.11238907791940372 7.469099561568987e-05
0.11358876839952439 7.705097710530666e-05
0.1148012649038134 7.947047150272651e-05
0.11602670412940866 8.195044624851688e-05
0.11726522423261343 8.449186727137631e-05
0.11851696484447224 8.709569837993612e-05
0.1197820670865128 8.976290064428558e-05
0.12106067358665613 9.249443176770435e-05
0.12235292849529644 9.52912454491125e-05
0.12365897750155268 9.815429073677165e-05
0.12497896784969359 0.00010108451137379098
0.126313048355738 0.00010408284513601553
0.1276613694242325 0.00010715022316289595
0.12902408306520793 0.00011028756928195878
0.1304013429113171 0.00011349579932751578
0.1317933042351554 0.0001167758204542752
0.13320012396676623 0.00012012853044652684
0.1346219607113333 0.0001235548170236047
0.13605897476706197 0.00012705555714233606
0.13751132814325104 0.00013063161629720828
0.13897918457855796 0.00013428384781899875
0.1404627095594587 0.00013801309217262994
0.14196207033890454 0.00014182017625502134
0.14347743595517853 0.00014570591269372806
0.14500897725095274 0.00014967109914715838
0.14655686689254901 0.00015371651760718883
0.1481212793894056 0.0001578429337049821
0.14970239111375125 0.00016205109602084535
0.15130038032048945 0.0001663417353989572
0.15291542716729511 0.00017071556426780137
0.15454771373492535 0.00017517327596715309
0.15619742404774742 0.00017971554408246357
0.15786474409448575 0.00018434302178749345
0.15954986184919012 0.00018905634119604136
0.1612529672924282 0.0001938561127236212
0.1629742524327037 0.0001987429244599313
0.16471391132810373 0.00020371734155296274
0.16647214010817676 0.00020877990560558225
0.1682491369960444 0.00021393113408542866
0.17004510233074913 0.00021917151974894483
0.1718602385898404 0.00022450153008036353
0.1736947504122023 0.00022992160674645962
0.17554884462112436 0.00023543216506785692
0.1774227302476189 0.00024103359350768875
0.17931661855398728 0.00024672625317836126
0.1812307230576377 0.00025251047736720025
0.18316525955515706 0.0002583865710817031
0.18512044614664006 0.00026435481061512587
0.1870965032602777 0.0002704154431331076
0.18909365367720865 0.0002765686862820207
0.19111212255663537 0.0002828147278197051
0.19315213746120882 0.00028915372526922754
0.19521392838268387 0.0002955858055962962
0.1972977277678484 0.00030211106491091197
0.19940377054472988 0.0003087295681938365
0.20153229414908072 0.00031544134904841833
0.20368353855114726 0.0003222464094782993
0.2058577462827236 0.00032914471969148394
0.20805516246449512 0.0003361362179312551
0.2102760348336733 0.00034322081033434616
0.2125206137719255 0.0003503983708167918
0.21478915233360332 0.00035766874098783533
0.21708190627427182 0.00036503173009222754
0.21939913407954353 0.00037248711498124156
0.22174109699422018 0.0003800346401126832
0.22410805905174547 0.0003876740175801549
0.22650028710397224 0.0003954049271717892
0.22891805085124756 0.00040322701645864557
0.23136162287281858 0.0004111399009129272
0.2338312786575634 0.0004191431640561387
0.2363272966350496 0.0004272363576372902
0.2388499582069244 0.0004354190018411934
0.2413995477786402 0.00044369058552689314
0.24397635279151833 0.00045205056649622776
0.24658066375515525 0.0004604983717924722
0.24921277428017477 0.00046903339802903003
0.25187298111132955 0.0004776550117480317
0.2545615841609566 0.00048636254980876666
0.2572788865427889 0.000495155319805735
0.2600251946061291 0.0005040326005161899
0.262800817970387 0.0005129936423768917
0.2656060695599863 0.0005220376679898915
0.2684412656396435 0.0005311638726570165
0.27130672585002413 0.0005403714249427988
0.27420277324377884 0.000549659467265473
0.2771297343219643 0.0005590271165157382
0.2800879390708533 0.0005684734647028605
0.28307772099913714 0.0005779975796277383
0.2860994171755259 0.0005875985055824675
0.2891533682667493 0.0005972752640759986
0.29223991857596365 0.0006070268545853545
0.2953594160815686 0.0006168522553319468
0.2985122124764386 0.0006267504240824521
0.3016986632075725 0.0006367202989737041
0.3049191275161668 0.0006467607993610421
0.30817396847811657 0.0006568708266895225
0.31146355304494905 0.0006670492653874232
0.3147882520851934 0.0006772949837813485
0.3181484404261926 0.0006876068350323846
0.3215444968963618 0.0006979836580925823
0.32497680436789733 0.0007084242786811164
0.3284457497999418 0.0007189275102794418
0.33195172428221 0.0007294921551447319
0.3354951230790806 0.000740117005340858
0.33907634567415806 0.0007508008437862345
0.3426957958153107 0.000761542445317706
0.34635388156018904 0.0007723405777697759
0.35005101532223115 0.0007831940030683683
0.353787613917157 0.0007941014783383332
0.35756409860996136 0.0008050617570239018
0.36138089516240673 0.0008160735900212938
0.3652384338810243 0.0008271357268225938
0.36913714966562644 0.0008382469166701205
0.3730774820583372 0.0008494059097204018
0.3770598752931473 0.0008606114582168648
0.38108477834599624 0.0008718623176704483
0.38515264498539015 0.0008831572480471371
0.3892639338235602 0.0008944950149615915
0.3934191083681661 0.0009058743908759365
0.3976186370745528 0.0009172941563027747
0.40186299339856313 0.0009287531010114535
0.406152655849916 0.0009402500252367189
0.41048810804615427 0.0009517837408886752
0.4148698387671668 0.0009633530727631254
0.41929834201029414 0.000974956859751319
0.4237741170460219 0.0009865939560480307
0.4282976684742686 0.0009982632323569784
0.4328695062812746 0.001009963577092555
0.43749014589709734 0.001021693897576765
0.4421601082537217 0.0010334531212303274
0.4468799198437902 0.0010452401967568678
0.4516501127799592 0.001057054095319044
0.45647122485488983 0.001068893811705494
0.46134379960187855 0.0010807583654875248
0.4662683863561356 0.0010926468021642793
0.4712455403167174 0.0011045581942952978
0.4762758226091187 0.0011164916426191994
0.48135980034853526 0.001128446277157353
0.48649804670379987 0.0011404212583012148
0.49169114096200167 0.0011524157778821527
0.4969396685937953 0.0011644290602224679
0.5022442213194063 0.0011764603631663011
0.5076053971753431 0.0011885089790891574
0.5130238005818187 0.0012005742358846957
0.5185000424108931 0.0012126554979274707
0.5240347400553438 0.0012247521670102396
0.5296285174982704 0.0012368636832544863
0.5352820053834435 0.00124898952599275
0.5409958410864016 0.0012611292146213955
0.5467706687863108 0.0012732823094223137
0.5526071395385892 0.0012854484123522689
0.5585059113483072 0.0012976271677982638
0.5644676492443702 0.0013098182632976427
0.5704930253544953 0.0013220214302213367
0.5765827189809865 0.0013342364444188359
0.5827374166773199 0.001346463126823403
0.5889578123255452 0.0013587013440160168
0.5952446072145141 0.001370951008746575
0.6015985101189452 0.001383212080410858
0.6080202373793293 0.0013954845654817485
0.6145105129826918 0.001407768517893229
0.6210700686442132 0.0014200640393756871
0.6276996438897247 0.0014323712797409739
0.6343999861390817 0.0014446904371158888
0.6411718507904274 0.0014570217581224285
0.6480160013053576 0.0014693655380035753
0.6549332092949934 0.0014817221206930623
0.6619242546069724 0.0014940918988277064
0.6689899254133691 0.0015064753137010187
0.6761310182995531 0.001518872855156667
0.6833483383539979 0.0015312850614204742
0.690642699259045 0.001543712518869684
0.698014923382639 0.001556155861738226
0.7054658418710426 0.0015686157717567718
0.7129962947425389 0.0015810929777263882
0.7206071309821364 0.001593588255024724
0.7282992086372828 0.0016061024250435848
0.7360733949146017 0.0016186363545569514
0.7439305662776624 0.001631190955018386
0.7518716085457922 0.001643767181787069
0.7598974169939428 0.001656366033281501
0.7680088964536255 0.001668988550060202
0.776206961414921 0.0016816358138286205
0.7844925361295804 0.001694308946371835
0.7928665547152237 0.0017070091084122243
0.8013299612606535 0.0017197374983919703
0.8098837099322929 0.0017324953511797755
0.8185287650817562 0.0017452839367017585
0.8272661013545721 0.001758104558496118
0.8360967038000636 0.001770958552191699
0.8450215679824044 0.0017838472839103853
0.8540417000928585 0.0017967721485934493
0.8631581170632178 0.001809734568252077
0.8723718466804518 0.00182273599014258
0.8816839277025804 0.0018357778848664354
0.8910954099757843 0.0018488617443961407
0.9006073545527638 0.001861989080027142
0.9102208338123625 0.0018751614202570455
0.9199369315804681 0.001888380308592726
0.9297567432522035 0.0019016473012866263
0.9396813759154197 0.001914963965003296
0.9497119484755118 0.0019283318744174978
0.959849591781563 0.0019417526097453572
0.9700954487538378 0.0019552277542101214
0.9804506745126343 0.001968758891444169
0.9909164365085124 0.0019823476028291236
1.001493914653914 0.0019959954647760475
1.0121843014561862 0.0020097040459478156
1.0229888021520224 0.0020234749044256966
1.0339086348433442 0.0020373095848228765
1.0449450306346293 0.0020512096153469015
1.056099233771706 0.002065176504814014
1.0673725017820301 0.002079211739618017
1.0787661056164595 0.002093316780656305
1.09028132979254 0.0021074930602163547
1.1019194725393238 0.002121741978825508
1.1136818459437312 0.002136064902067364
1.1255697760984742 0.0021504631573680644
1.137584603251565 0.002164938030755918
1.1497276819574114 0.0021794907635979007
1.1620003812295296 0.0021941225493166626
1.1744040846948909 0.0022088345300917377
1.186940190749908 0.0022236277935489012
1.1996101127180945 0.0022385033694415483
1.2124152790094 0.0022534622263280396
1.2253571332812492 0.002268505268249238
1.2384371346013032 0.0022836333314103278
1.2516567576119535 0.0022988471808712565
1.2650174926965725 0.00231414750724995
1.2785208461475415 0.0023295349234428763
1.292168340336069 0.002345009961367279
1.305961513883824 0.00236057306872956
1.3199019218364008 0.002376224605824414
1.3339911358386336 0.002391964842369173
1.3482307443117865 0.002407793954378051
1.3626223526326309 0.0024237120210808694
1.3771675833144352 0.002439719021890877
1.3918680761898892 0.002455814833426341
1.4067254885959801 0.0024719992265905158
1.4217414955608378 0.0024882718637147475
1.4369177899925805 0.002504632295769153
1.452256082870171 0.0025210799596456653
1.4677581034363152 0.002537614175517964
1.48342559939242 0.0025542341442828295
1.499260337095621 0.0025709389450874675
1.5152641017579307 0.0025877275329472633
1.5314386976474994 0.0026045987364583783
1.5477859482920284 0.0026215512556095567
1.5643076966843605 0.0026385836596973726
1.5810058054902494 0.0026556943853491884
1.5978821572583664 0.0026728817346579406
1.6149386546325357 0.0026901438734326967
1.6321772205662362 0.002707478829569041
1.649599798539403 0.002724884491543042
1.667208352777528 0.0027423586070325517
1.685004868473112 0.0027598987816693796
1.7029913520094742 0.0027775024779258936
1.72116983118695 0.0027951670141393684
1.7395423554515101 0.002812889563677262
1.758110996125816 0.002830667154246466
1.7768778466427333 0.0028484966673495557
1.795845022781355 0.0028663748378906346
1.8150146629055304 0.002884298253933535
1.8343889282049446 0.002902263356614692
1.853970002938777 0.0029202664402129905
1.873760094681944 0.0029383036523787363
1.8937614345739926 0.0029563709945234977
1.9139762775706353 0.0029744643223727934
1.9344069026979702 0.0029925793466828343
1.9550556133094292 0.003010711634123017
1.9759247373454478 0.0030288566083250196
1.9970166275959238 0.0030470095510995673
2.018333661965471 0.003065165603821715
2.039878243741499 0.003083319768984962
2.0616528018651707 0.003101466911924701
2.083659791205234 0.0031196017627110667
2.1059016928347836 0.003137718918211083
2.1283810143109827 0.0031558128443198476
2.1511002899577627 0.003173877878360115
2.174062081151545 0.00319190823164974
2.1972689766100113 0.003209897992235811
2.220723592683949 0.0032278411277944456
2.244428573652232 0.003245731488694833
2.268386592019927 0.003263562811225846
2.292600348819598 0.003281328720983455
2.317072573915817 0.003299022736416948
2.3418060263129346 0.0033166382725315618
2.3668034944661263 0.003334168644745161
2.3920677965957653 0.0033516070728962445
2.4176017810051498 0.0033689466854004025
2.443408326401621 0.0033861805235520337
2.469490342221111 0.003403301545968155
2.495850768956146 0.0034203026331705868
2.522492578487368 0.003437176592303015
2.549418774418582 0.0034539161619788314
2.5766323924153784 0.003470514017255726
2.6041365005473818 0.0034869627747327134
2.631934199634137 0.0035032549977650936
2.660028623594704 0.003519383201792723
2.688422939800979 0.003535339859776592
2.7171203494347704 0.0035511174077389185
2.746124087848717 0.0035667082504014258
2.775437424931033 0.003582104766916398
2.8050636654741576 0.0035972993166851616
2.8350061495473446 0.0036122842452582307
2.865268252873208 0.0036270518903113104
2.8958533872083168 0.003641594587691241
2.926765000727831 0.00365590467752584
2.9580065784142455 0.003669974510391398
2.989581642450295 0.003683796453531477
3.0214937526160455 0.0036973628971207102
3.053746506690218 0.0037106662605668837
3.08634354085581 0.0037236989988449335
3.119288530110032 0.003736453608855783
3.1525851886786342 0.003748922635803616
3.186237270434653 0.0037610986795844864
3.2202485693216083 0.0037729744011792514
3.254622919781248 0.0037845425290441922
3.2893641971858383 0.0037957958654918638
3.324476318275072 0.003806727293055417
3.3599632415976526 0.003817329780829152
3.3958289679575637 0.003827596390778225
3.4320775408651394 0.0038375202840102997
3.4687130469929213 0.003847094727002146
3.5057396166363857 0.0038563130977739314
3.543161424179612 0.003865168892004168
3.580982688565884 0.0038736557290781535
3.619207673773345 0.003881767358062968
3.6578406892957203 0.0038894976636019043
3.6968860906281593 0.0038968406717214475
3.7363482797582956 0.0039037905555439015
3.77623170566251 0.003910341640898778
3.8165408648075108 0.003916488411826368
3.8572803016572776 0.003922225515966642
3.898454609185394 0.003927547769827137
3.940068429392872 0.003932450163923249
3.9821264538314796 0.0039369278677847
4.024633424132671 0.003940976234821945
4.0675941325421645 0.003944590807046486
4.11101342246022 0.003947767319639294
4.154896188987681 0.003950501705361301
4.199247379477852 0.003952790098800784
4.2440719940942655 0.003954628840451919
4.289375086374397 0.003956014480619376
4.335161763799408 0.00395694378314396
4.38143718836996 0.003957413728944401
4.428206577188183 0.003957421519370663
4.475475203045851 0.003956964579364432
4.523248395018834 0.003956040560422352
4.571531539067906 0.003954647343358377
4.620330078645962 0.003952783040861169
4.6696495153117 0.003950445999843247
4.719495409349884 0.003947634803578449
4.769873380398196 0.0039443482736249945
4.8207891080808105 0.00394058547153104
4.872248332648714 0.003936345700320525
4.924256855626847 0.0039316285057569384
4.9768205404681884 0.003926433677383113
5.029945313214792 0.0039207612493353805
5.0836371631658945 0.003914611500930732
5.137902143553147 0.00390798495702572
5.192746372223058 0.0039008823881465883
5.248176032326725 0.0038933048103897117
5.304197373016924 0.003885253485092424
5.360816710152626 0.00387672991827419
5.418040427011071 0.003867735859848307
5.475874975007411 0.003858273302605055
5.534326874422035 0.0038483444809669955
5.593402715135683 0.003837951869517787
5.65310915737237 0.003827098181305911
5.713452932450281 0.0038157863659252734
5.774440843540662 0.003804019607374597
5.836079766434785 0.003791801321698222
5.898376650319156 0.0037791351544107315
5.9613385185589545 0.0037660249777085784
6.024972469489846 0.003752474887471847
6.089285677218268 0.0037384892000596128
6.154285392430209 0.003724072448902799
6.219978943208684 0.003709229380898475
6.286373735859888 0.0036939649526099815
6.353477255748178 0.0036782843262773346
6.421297068140005 0.0036621928656428286
6.489840819056786 0.0036456961315968033
6.559116236136943 0.0036287998776488818
6.629131129507113 0.0036115100452301977
6.699893392662649 0.003593832758832292
6.771411003357567 0.0035757743209886158
6.843692024503932 0.0035573412071048774
6.916744605080871 0.0035385400601443875
6.990576981053313 0.0035193776851749495
7.0651974763004946 0.0034998610437841425
7.140614503554412 0.0034799972483695483
7.216836565348259 0.003459793556311171
7.2938722549750015 0.00343925736403296
7.371730257456211 0.0034183962009609165
7.450419350521195 0.0033972177233849523
7.529948405596608 0.0033757297082320954
7.610326388806616 0.003353940046758581
7.69156236198374 0.003331856738168577
7.7736654836904915 0.0033094878831670927
7.856645010251906 0.003286841677455036
7.94051029679911 0.003263926405174201
8.025270798324014 0.003240750432310016
8.110936070745275 0.0032173222000599576
8.197515771985627 0.003193650218175669
8.285019663060725 0.003169743058286398
8.373457609179598 0.0031456093472119855
8.462839580856867 0.0031212577602730022
8.553175655036814 0.003096697014605995
8.644476016229437 0.0030719358624915235
8.736750957658701 0.003046983084702798
8.830010882422963 0.0030218474838824387
8.92426630466783 0.002996537877955021
9.01952785077153 0.00297106309358271
9.115806260542929 0.002945431959671458
9.213112388432332 0.0029196533009348993
9.311457204755234 0.00289373593152306
9.4108517969291 0.0028676886487228317
9.511307370723367 0.0028415202267369237
9.612835251522796 0.0028152394105480797
9.71544688560427 0.0027888549098748086
9.819153841427285 0.002762375393225137
9.92396781093817 0.0027358094820542
10.02990061088821 0.0027091657450318786
10.136964184165933 0.002682452692425805
10.245170601143476 0.002655678770605563
10.354532061037448 0.0026288523566730232
10.465060893284296 0.0026019817532240415
10.576769558930259 0.0025750751832461583
10.689670652036277 0.0025481407851570023
10.803776901097855 0.0025211866079875257
10.919101170480063 0.0024942206067142232
11.035656461867845 0.00246725063774411
11.153455915731845 0.0024402844545559966
11.272512812809904 0.0024133297035013167
11.3928405756043 0.0023863939197675257
11.514452769894975 0.0023594845235068063
11.63736310626902 0.002332608816132621
11.761585441666336 0.0023057739767861725
11.887133780941893 0.0022789870589748898
12.014022278444687 0.0022522549873843834
12.142265239613414 0.002225584554865578
12.271877122589366 0.002198982419597701
12.402872539846367 0.0021724551024284926
12.535266259838197 0.002146008984391778
12.669073208663695 0.002119650304402995
12.804308471749364 0.002093385157132662
12.940987295550208 0.002067219491057551
13.079125089268635 0.0020411591066891504
13.218737426591627 0.002015209654978752
13.35984004744655 0.001989376635898084
13.502448859775726 0.0019636653971944716
13.646579941329795 0.0019380811333189528
13.792249541480446 0.001912628884525751
13.93947408305225 0.0018873135361412235
14.08827016417428 0.0018621398180001679
14.238654560151344 0.001837112304047167
14.390644225355194 0.0018122354121004704
14.544256295136062 0.001787513403775707
14.699508087754412 0.001762950384566444
14.856417106333435 0.0017385503040786444
15.01500104083241 0.0017143169564156088
15.175277770040983 0.0016902539807100885
15.337265363594867 0.0016663648617999303
15.50098208401305 0.001642652931043509
15.666446388756684 0.0016191213672711409
15.833676932309942 0.0015957731978684055
16.00269256828323 0.001572611299987265
16.173512351538626 0.0015496384018808059
16.346155540338255 0.001526857084357149
16.52064159851536 0.001504269782348212
16.69699019766871 0.001481878786588739
16.87522121938042 0.0014596862454009992
17.055354757457298 0.0014376941665805436
17.237411120196338 0.0014159044193782424
17.42141083267424 0.001394318736573899
17.607374639061348 0.0013729387166366185
17.79532350496048 0.0013517658259670365
17.985278619770472 0.001330801401216686
18.177261399075135 0.0013100466516795235
18.371293487057695 0.0012895026617508018
18.56739675894086 0.0012691703934484331
18.765593323453093 0.0012490506889919727
18.96590552532122 0.0012291442734344174
19.16835594778942 0.0012094517573420455
19.37296741516543 0.001189973639517474
19.579762995393697 0.0011707103097613452
19.788766002655994 0.0011516620516678518
20.000000000000004 0.0011328290454496054
